204554
204521
204379
204560
204528
121948
74646
160508
136811
178835
160527
204495
204549
178836
160559
204413
204545
204501
160511
178972
204571
204544
160545
204503
178833
204516
74057
178927
204353
204400
178937
178881
204356
178831
74471
204423
133439
178882
204515
73696
74212
160553
73433
141391
204414
160541
160600
159237
74090
74459
160665
204509
160512
69871
178975
73701
109429
141335
204358
178948
207176
204374
204388
141513
204561
204397
160538
74052
204551
160589
93083
204352
204572
178829
178924
204487
213762
204507
141401
204361
178962
178993
204460
74262
204426
141398
164360
204369
204499
204380
204370
178876
204488
141405
73441
204496
204504
205476
204490
141439
204476
204462
178928
204440
178939
74537
141408
204376
204378
204514
178963
135054
204355
141411
74467
74060
178916
204367
204454
204409
204459
160528
62881
160552
116379
73891
205548
204511
204451
178908
204512
204569
164359
204542
160588
178929
160599
143632
160758
204518
212625
204481
213679
204439
204450
204351
178830
204412
81297
204434
178994
204562
141417
134812
204421
74655
204541
92346
204552
204500
178977
141421
141422
74075
204364
160532
204389
178854
198783
161550
207309
132504
204537
160575
160640
204482
178871
178953
211866
141428
68720
178969
141427
171623
204368
160587
66828
204477
72442
204398
204371
160666
204407
212504
141431
92699
204427
204411
204354
160598
141434
191923
204447
204392
204510
204494
204393
74200
115746
160669
204473
204484
204527
178966
74374
204394
74383
204575
204491
74270
204570
204365
160673
178996
152605
204419
107283
74419
198197
204513
204531
160667
204442
73460
204408
204456
204465
204548
178964
178873
204373
178909
204444
73482
204539
178981
73772
178884
178959
141450
160674
204533
204564
204508
67138
204436
73531
74848
108338
74273
160570
178839
204435
178842
160531
74366
141458
178970
204429
141459
112437
204576
178910
204468
204546
205550
178857
141464
141470
204386
204472
204391
160619
74079
204555
74554
209189
74141
204563
204474
204420
74317
204372
73586
204457
204520
204502
204497
204574
204550
178886
204536
151208
98057
160534
178832
204375
204359
204547
74156
74299
92102
139285
74585
204405
204382
196358
204523
204404
178879
74478
178931
178954
204381
160510
204410
204448
160645
204485
204543
178982
204455
162332
204526
74784
204418
178866
166402
204458
204469
204471
212749
156190
179000
146788
205863
204433
76874
133810
204558
204556
178983
179001
81055
204452
150418
204522
160535
204431
204506
204430
171619
74398
204540
178956
204428
204432
74158
178858
204403
204566
178843
75431
204486
74749
141508
188097
178984
178985
154178
178895
178997
204453
204449
74571
204415
146307
178896
204384
204479
74352
178986
194260
66179
74159
204498
74399
178987
204363
73692
204422
204441
204475
204573
160556
74319
160642
204553
205535
74160
204377
171617
141516
178860
204538
193726
160517
160558
204461
204492
74574
128760
141518
74400
133968
141488
90201
178912
122974
204395
122158
160604
204406
73943
204524
204529
73486
160601
204390
204383
204446
204565
160639
160641
204467
178951
204567
141523
74161
205865
178925
178989
73801
73788
204362
160655
211649
213274
178920
204489
152610
160653
74305
204530
204366
141531
74693
204480
160651
178930
178861
122466
204525
178945
204357
73466
74371
178887
73604
160635
204535
178990
204416
160621
90842
204387
204399
178921
73808
178933
204438
178874
204437
178961
204557
74356
204360
204425
168175
178946
178947
92776
177282
204534
178922
74806
204464
206231
178901
204466
143084
204519
160976
197438
197438
197438
178934
157130
178863
195866
204385
160610
141552
74376
141553
204505
204396
74283
137070
204483
141555
204478
160591
204532
179587
178992
160569
178952
160518
74043
74044
204463
74439
178889
204559
160632
204517
160592